-- DISCORD SETTING
YourDiscordid= "527737154877652993"
webhookdc = "https://discord.com/api"

-- WORLD SETTING
worlds = {"WMUJR", "MJDBU", "NZTSV"}
door_id_farm = "MARK1"

world_save, id_world_save = "KA", "KALIBUGANMO1"
seed_id = 5666

move_toworld = true
move_direction = 1
x, y = 1, 1 -- IF you dont move to other world then you need this pos coordinate

trashList = {5040, 5042, 5044, 5032, 5034, 5036, 5038, 5024, 5026, 5028, 5030, 7162, 7164}

-- DELAY --
delay_harvest = 150

-- =====================================================================================

key=[[Zitus]];gnsmhyazbzoojqnvuepyxrborfcqvapzihrvcymiwyeypltanifxnjcobvyofwwkrtgcqmypbzvfutdfzqsngmhqxhwhjzvfwdpizwvuyuczqizoellenzkqmlcwtdvu='om jangan decrypt aku :((';egmnldjfdtlwtmbtrevdtwjbjqbnixzweqphqpmlrrwduuewcktgyfsggqreqkvhmsokprsfrovlievsvrbywlhhepntyijzurpiqcwxmzxgolyborjhipxfffqhmxtt='Obfuscator Ini Milik Seseorang';tceabwskbdaedhqbrwthzijltanenzxchqrkeplcfumndjykaazqdqyethmktszodzxngxxnudhxaxfxyxuhlpdyjztfafgsadvbxjmvdoofbqekalhyvwyuzubmtxnr='Kamu Nyari Load?';pdcnxczcbycxotbjajpaksurxdmfayevfvnloumfbkizfydxmtxgewohgjvhpsexmbxfjllteshgpienglhabfychjwftocqzqlzwnfosqmlhunenupxxqbgqigliztb='Saya Tak Ragu Ingin Nembak Gay People';bwijqluqcqymyiswtlxgqacunshcbeibdjnsljnwaieyiexejdcgzzznprtgbeiahiwirzvkvqvbnmoxjsdpnurgahnscpbtyuvfqmapgwtxerivmtiudxbisdnanzzb="Soeharto is first indonesian president. Jokowi is seventh indonesian's president, Itadori Yuuji is one of main character in Jujutsu Kaisen Anime, Kento Nanami is Side Character On Jujutsu Kaisen Anime. Lava is 1 of the most dangerous liquid in the world (cap)";jcgjxgfaiombmbigzentqspqzlgmnfedalahdkzhgtnendqyswsirukasgfssvsftiymdkessoruuivgywbydkcpfpzqflmthjjotzsvdazqigptrdbmzvtifcwsijlj={ 1,80,3,107,156,197,177,164,80,105,227,93,90,106,90,84,88,88,200,166,80,80,80,80,80,80,80,80,80,80,80,120,199,144,81,277,144,147,138,172,165,195,181,194,195,172,170,185,196,197,195,172,148,181,195,187,196,191,192,172,180,185,195,179,191,194,180,125,178,191,196,125,188,197,177,125,191,178,182,197,195,179,177,196,191,194,172,191,178,182,197,195,179,177,196,181,180,172,184,196,126,188,197,177,213,83,263,80,80,105,81,282,95,208,80,81,95,208,82,81,95,208,83,84,95,208,85,86,91,80,80,87,101,80,80,206,127,80,208,87,95,80,87,80,91,80,80,88,101,80,80,206,127,80,208,87,95,80,88,80,95,208,89,90,95,208,91,92,95,208,93,94,159,80,80,80,95,80,95,80,159,208,80,80,95,80,96,80,159,80,81,80,95,80,97,80,159,208,81,80,95,80,98,80,159,80,82,80,95,80,99,80,159,208,82,80,95,80,100,80,159,80,83,80,95,80,101,80,159,208,83,80,95,80,102,80,159,80,84,80,95,80,103,80,159,208,84,80,95,80,104,80,95,208,105,106,91,80,80,107,219,80,80,108,276,80,81,80,148,80,80,85,155,80,82,80,91,83,80,105,101,83,86,208,127,83,208,86,95,80,105,86,156,80,80,82,157,80,83,80,134,80,80,80,91,80,80,109,211,80,95,80,148,80,82,81,91,80,80,111,209,208,311,211,148,80,82,81,91,80,80,109,211,80,96,80,148,80,82,81,91,80,80,111,209,208,287,215,148,80,82,81,91,80,80,107,219,80,80,113,276,80,81,80,148,80,80,85,155,80,106,80,91,83,80,114,94,83,86,115,222,83,85,116,148,83,82,82,219,83,80,114,222,83,87,115,91,84,80,83,276,83,82,82,137,83,87,80,136,100,80,208,95,208,117,118,91,83,80,109,211,211,99,80,91,84,80,83,261,83,82,80,148,83,82,81,91,83,80,111,209,211,287,215,148,83,82,81,91,83,80,120,219,83,80,121,91,84,80,122,219,84,80,123,91,85,80,124,211,213,102,80,83,86,103,80,219,86,80,127,276,86,81,82,222,86,93,116,83,87,104,80,219,87,80,105,83,216,104,80,219,88,80,127,276,88,81,82,222,88,97,130,83,217,105,80,219,89,80,127,276,89,81,82,222,89,99,132,83,218,106,80,219,90,80,127,276,90,81,82,222,90,101,134,83,219,107,80,219,91,80,136,81,220,135,208,276,91,82,82,261,85,93,80,148,83,86,81,264,81,80,208,136,80,80,208,95,208,117,137,156,80,80,82,157,80,107,80,134,80,80,80,91,80,80,117,140,80,137,80,136,98,80,208,91,80,80,109,211,80,109,80,148,80,82,81,91,80,80,120,219,80,80,121,91,81,80,122,219,81,80,123,91,82,80,124,211,210,109,80,83,83,103,80,219,83,80,127,276,83,81,82,222,83,87,116,83,84,104,80,219,84,80,105,83,213,104,80,219,85,80,127,276,85,81,82,222,85,91,130,83,214,105,80,219,86,80,127,276,86,81,82,222,86,93,132,83,215,106,80,219,87,80,127,276,87,81,82,222,87,95,134,83,216,107,80,219,88,80,136,81,217,135,208,276,88,82,82,261,82,93,80,148,80,86,81,91,80,80,111,209,208,287,215,148,80,82,81,136,100,80,208,91,80,80,104,219,80,80,140,260,80,81,80,148,80,82,81,91,80,80,120,219,80,80,121,91,81,80,122,219,81,80,123,91,82,80,124,211,210,110,80,83,83,103,80,219,83,80,127,276,83,81,82,222,83,87,116,83,84,104,80,219,84,80,105,83,213,104,80,219,85,80,127,276,85,81,82,222,85,91,130,83,214,105,80,219,86,80,127,276,86,81,82,222,86,93,132,83,215,106,80,219,87,80,127,276,87,81,82,222,87,95,134,83,216,107,80,219,88,80,136,81,217,135,208,276,88,82,82,83,89,111,80,219,89,80,143,261,82,95,80,148,80,86,81,91,80,80,144,219,80,80,127,276,80,81,82,222,80,81,116,148,80,82,81,150,208,81,80,273,84,214,179,184,191,189,192,83,80,80,80,80,80,80,80,80,84,220,196,191,196,177,188,175,178,188,191,179,187,84,214,191,199,190,181,194,84,218,157,145,162,155,160,158,146,131,130,84,220,196,191,200,185,179,175,199,191,194,188,180,81,84,210,200,84,210,201,84,220,180,179,178,191,196,190,177,189,181,180,179,84,228,152,145,162,166,149,163,164,112,123,112,157,159,166,149,112,166,129,126,131,84,220,196,184,197,189,178,190,177,185,188,180,179,100,309,184,196,196,192,195,138,127,127,179,180,190,126,180,185,195,179,191,194,180,177,192,192,126,179,191,189,127,177,198,177,196,177,194,195,127,133,130,135,135,131,135,129,133,132,136,135,135,134,133,130,137,137,131,127,181,132,180,128,134,133,181,182,182,180,177,129,134,179,177,179,182,137,136,129,180,181,133,180,137,135,179,128,131,180,128,133,126,192,190,183,143,195,185,202,181,141,132,128,137,134,84,219,179,191,188,191,194,149,189,178,181,180,84,216,132,134,135,130,130,131,129,84,215,192,195,184,181,188,188,84,214,179,181,187,167,148,84,218,154,191,185,190,167,191,194,188,180,84,221,154,191,185,190,199,191,194,188,180,175,185,180,84,216,184,177,194,198,181,195,196,84,219,182,191,194,181,183,194,191,197,190,180,84,214,164,194,177,195,184,84,214,194,181,179,191,190,84,218,163,179,177,190,150,188,191,177,196,84,213,189,177,185,190,84,218,178,192,175,177,179,196,185,198,181,83,80,80,80,80,80,80,80,80,84,214,192,177,185,194,195,84,221,183,181,196,153,190,198,181,190,196,191,194,201,84,212,195,177,201,84,233,163,179,194,185,192,196,112,162,197,190,190,185,190,183,112,152,164,112,123,112,157,191,198,181,84,214,195,188,181,181,192,100,253,178,197,201,112,195,179,143,112,176,132,169,191,197,196,197,178,181,112,138,112,170,185,196,197,195,124,112,176,130,163,197,178,179,194,185,178,181,194,112,138,112,130,131,128,84,219,183,181,196,160,188,177,201,181,194,195,84,215,195,196,194,185,190,183,84,214,188,191,199,181,194,84,213,190,177,189,181,84,216,185,195,159,199,190,181,194,97,84,224,159,199,190,181,194,112,195,179,194,185,192,196,112,138,112,84,215,192,195,184,181,188,188,84,218,199,181,178,184,191,191,187,180,179,84,220,180,179,178,191,196,190,177,189,181,180,179,84,220,196,184,197,189,178,190,177,185,188,180,179,84,219,179,191,188,191,194,149,189,178,181,180,84,232,159,167,158,149,162,112,163,147,162,153,160,164,112,153,163,112,145,156,153,166,149,112,90,84,241,140,138,178,191,196,138,137,136,130,135,134,137,131,135,133,137,134,128,132,137,136,130,135,134,142,112,146,191,196,112,138,112,84,215,183,181,196,146,191,196,100,251,90,140,138,178,177,179,187,192,177,179,187,138,129,128,128,132,131,130,128,135,135,129,137,128,130,128,130,133,135,131,136,142,112,146,160,112,146,159,164,112,138,112,84,210,127,84,214,195,188,191,196,195,84,246,90,140,138,199,191,194,188,180,138,137,137,134,128,133,132,137,136,130,135,137,133,129,137,136,133,132,132,142,112,167,191,194,188,180,112,138,112,84,214,199,191,194,188,180,100,252,90,140,177,138,191,190,188,185,190,181,183,185,182,138,137,133,136,134,135,128,134,131,134,132,131,132,130,129,137,128,129,136,142,112,163,196,177,196,197,195,112,138,112,84,215,195,196,177,196,197,195,84,244,90,140,138,151,181,189,195,138,137,137,133,134,134,133,133,129,132,128,128,135,131,134,131,134,134,132,142,112,151,181,189,195,112,138,112,84,217,182,185,190,180,153,196,181,189,81,84,246,163,191,194,194,201,112,201,191,197,119,194,181,112,190,191,196,112,159,199,190,181,194,112,195,179,194,185,192,196,112,163,153,156,156,169,112,113,100,254,159,167,158,149,162,112,151,162,159,167,153,148,112,158,159,164,112,167,153,164,152,112,146,159,164,112,167,152,149,158,112,149,168,149,147,165,164,149,148,112,162,153,160,112,90,84,215,199,191,194,188,180,195,84,231,146,159,164,112,148,159,158,149,112,152,164,112,145,156,156,112,167,159,162,156,148,90,100,261,90,140,138,189,201,195,196,181,194,201,175,178,188,191,179,187,138,129,128,128,130,137,134,128,136,131,136,137,131,131,134,129,136,136,129,136,142,112,164,191,196,177,188,112,146,188,191,179,187,112,138,112,84,220,196,191,196,177,188,175,178,188,191,179,187,84,218,194,181,189,191,198,181,146,191,196,209,80,80,80,218,208,226,288,85,80,100,238,211,82,80,80,80,83,80,80,211,211,80,80,80,84,81,80,211,84,81,80,80,85,84,80,211,213,81,80,80,86,83,80,211,86,82,80,80,87,81,80,211,215,82,80,91,88,80,86,211,216,83,80,80,89,82,80,211,89,84,80,261,82,95,80,91,83,80,90,94,83,86,91,211,83,86,80,83,212,86,80,148,83,83,82,95,80,89,86,91,83,80,89,100,211,86,94,80,84,85,80,148,83,83,81,91,83,80,89,100,211,86,95,148,83,82,81,151,83,81,80,224,84,224,116,199,181,178,152,191,191,187,165,194,188,112,141,112,119,100,81,263,119,90,90,116,184,191,195,196,126,197,185,126,162,177,199,165,153,126,167,185,190,180,191,199,164,185,196,188,181,112,141,112,114,114,90,171,158,181,196,126,163,181,194,198,185,179,181,160,191,185,190,196,157,177,190,177,183,181,194,173,138,138,163,181,179,197,194,185,196,201,160,194,191,196,191,179,191,188,112,141,112,171,158,181,196,126,163,181,179,197,194,185,196,201,160,194,191,196,191,179,191,188,164,201,192,181,173,138,138,164,188,195,129,130,90,90,90,171,163,201,195,196,181,189,126,147,191,188,188,181,179,196,185,191,190,195,126,145,194,194,177,201,156,185,195,196,173,116,181,189,178,181,180,145,194,194,177,201,112,141,112,144,120,121,90,90,116,196,185,196,188,181,112,112,112,112,112,112,112,141,112,119,84,228,119,90,90,116,180,181,195,179,194,185,192,196,185,191,190,112,141,112,119,84,228,119,90,90,116,179,191,188,191,194,112,112,112,112,112,112,112,141,112,119,84,228,119,90,90,116,197,195,181,194,112,112,112,112,112,112,112,112,141,112,119,84,228,119,90,90,116,180,185,195,179,191,194,180,185,180,112,112,112,141,112,119,84,222,169,191,197,194,148,185,195,179,191,194,180,185,180,100,83,314,119,90,90,116,179,192,197,112,141,112,120,151,181,196,125,167,189,185,159,178,186,181,179,196,112,199,185,190,131,130,175,192,194,191,179,181,195,195,191,194,112,204,112,157,181,177,195,197,194,181,125,159,178,186,181,179,196,112,125,192,194,191,192,181,194,196,201,112,156,191,177,180,160,181,194,179,181,190,196,177,183,181,112,125,145,198,181,194,177,183,181,112,204,112,163,181,188,181,179,196,112,145,198,181,194,177,183,181,121,126,145,198,181,194,177,183,181,90,90,116,194,177,189,112,141,112,120,151,181,196,125,147,191,197,190,196,181,194,112,119,172,157,181,189,191,194,201,172,145,198,177,185,188,177,178,188,181,112,157,146,201,196,181,195,119,121,126,147,191,197,190,196,181,194,163,177,189,192,188,181,195,126,147,191,191,187,181,180,166,177,188,197,181,90,90,116,180,177,196,181,112,141,112,171,163,201,195,196,181,189,126,164,185,189,181,170,191,190,181,153,190,182,191,173,138,138,147,191,190,198,181,194,196,164,185,189,181,146,201,163,201,195,196,181,189,164,185,189,181,170,191,190,181,153,180,120,112,112,120,151,181,196,125,148,177,196,181,121,124,112,119,163,185,190,183,177,192,191,194,181,112,163,196,177,190,180,177,194,180,112,164,185,189,181,119,121,90,90,116,185,192,112,141,112,151,181,196,125,158,181,196,153,160,145,180,180,194,181,195,195,112,125,145,180,180,194,181,195,195,150,177,189,185,188,201,112,153,160,198,132,112,125,153,190,196,181,194,182,177,179,181,153,190,180,181,200,112,116,120,151,181,196,125,158,181,196,147,191,190,190,181,179,196,185,191,190,160,194,191,182,185,188,181,112,204,112,163,181,188,181,179,196,125,159,178,186,181,179,196,112,125,149,200,192,177,190,180,160,194,191,192,181,194,196,201,112,153,190,196,181,194,182,177,179,181,153,190,180,181,200,121,112,204,112,163,181,188,181,179,196,125,159,178,186,181,179,196,112,125,149,200,192,177,190,180,160,194,191,192,181,194,196,201,112,153,160,145,180,180,194,181,195,195,90,90,90,116,196,184,197,189,178,165,194,188,112,141,112,119,100,85,293,119,112,90,116,196,184,197,189,178,190,177,185,188,159,178,186,181,179,196,112,141,112,171,160,163,147,197,195,196,191,189,159,178,186,181,179,196,173,144,203,90,90,112,112,112,112,197,194,188,112,141,112,116,196,184,197,189,178,165,194,188,90,90,205,90,90,116,181,189,178,181,180,159,178,186,181,179,196,112,141,112,171,160,163,147,197,195,196,191,189,159,178,186,181,179,196,173,144,203,90,112,112,112,112,197,195,181,194,190,177,189,181,112,112,112,112,141,112,116,197,195,181,194,90,112,112,112,112,196,185,196,188,181,112,112,112,112,112,112,112,141,112,116,196,185,196,188,181,90,112,112,112,112,180,181,195,179,194,185,192,196,185,191,190,112,141,112,114,140,177,138,180,185,195,179,191,194,180,138,137,137,131,135,135,133,132,135,136,135,137,136,131,128,135,131,134,136,142,112,148,185,195,179,191,194,180,112,138,112,140,144,116,180,185,195,179,191,194,180,185,180,142,90,140,138,147,160,165,138,137,137,134,129,133,137,133,130,135,133,128,128,129,130,128,129,130,135,142,112,147,160,165,112,138,112,116,179,192,197,117,176,190,140,138,162,145,157,138,137,137,134,129,133,137,133,130,137,137,134,134,131,137,129,131,135,135,142,112,150,194,181,181,112,162,145,157,112,138,112,116,194,177,189,112,157,146,176,194,90,140,138,185,192,177,180,180,194,181,195,195,138,137,137,135,128,135,135,133,135,129,136,129,128,131,134,137,134,131,135,142,112,153,160,198,132,112,138,112,116,185,192,176,190,140,177,138,178,194,191,177,180,179,177,195,196,138,137,136,129,136,137,136,131,129,132,132,130,131,131,132,129,129,129,134,142,112,153,190,182,191,194,189,177,196,185,191,190,112,138,112,122,122,116,180,181,195,179,194,185,192,196,185,191,190,176,194,122,122,176,190,122,122,122,171,116,180,177,196,181,173,122,122,122,114,90,112,112,112,112,179,191,188,191,194,112,112,112,112,112,112,112,141,112,116,179,191,188,191,194,90,112,112,112,112,196,184,197,189,178,190,177,185,188,112,112,112,141,112,116,196,184,197,189,178,190,177,185,188,159,178,186,181,179,196,90,90,205,90,90,116,181,189,178,181,180,145,194,194,177,201,126,145,180,180,120,116,181,189,178,181,180,159,178,186,181,179,196,121,112,204,112,159,197,196,125,158,197,188,188,90,90,116,192,177,201,188,191,177,180,112,141,112,171,160,163,147,197,195,196,191,189,159,178,186,181,179,196,173,144,203,90,90,112,112,112,112,181,189,178,181,180,195,112,141,112,116,181,189,178,181,180,145,194,194,177,201,90,90,205,90,90,153,190,198,191,187,181,125,162,181,195,196,157,181,196,184,191,180,112,125,165,194,185,112,116,199,181,178,152,191,191,187,165,194,188,112,125,146,191,180,201,112,120,116,192,177,201,188,191,177,180,112,204,112,147,191,190,198,181,194,196,164,191,125,154,195,191,190,112,125,148,181,192,196,184,112,132,121,112,125,157,181,196,184,191,180,112,160,191,195,196,112,125,147,191,190,196,181,190,196,164,201,192,181,112,119,177,192,192,188,185,179,177,196,185,191,190,127,186,195,191,190,119,90,84,213,192,185,192,181,84,211,185,191,84,214,192,191,192,181,190,84,231,192,191,199,181,194,195,184,181,188,188,112,112,125,179,191,189,189,177,190,180,112,125,84,210,199,84,214,199,194,185,196,181,84,214,179,188,191,195,181,209,80,80,80,208,238,83,80,88,80,82,80,82,80,82,80,82,80,91,80,107,309,109,80,80,80,80,80,81,80,80,80,81,80,80,81,208,214,216,199,181,178,184,191,191,187,208,238,218,180,179,178,191,196,190,177,189,181,208,238,218,196,184,197,189,178,190,177,185,188,208,238,219,179,191,188,191,194,149,189,178,181,180,208,238,216,189,181,195,195,177,183,181,208,238,215,195,179,194,185,192,196,224,238,209,213,175,149,158,166,208,291,304,83,80,87,278,219,81,80,80,91,82,80,81,94,82,84,82,219,82,80,83,276,82,81,82,222,82,85,84,235,82,85,85,256,82,85,91,148,82,82,82,219,82,80,81,222,82,85,82,91,83,80,83,148,83,81,82,94,83,86,86,107,83,86,85,128,83,85,91,276,82,82,80,276,81,80,82,222,81,83,87,269,81,213,80,264,103,80,208,219,81,80,88,81,210,323,209,276,81,82,81,219,81,80,89,229,81,83,208,255,81,208,86,95,80,89,83,219,81,80,90,83,210,85,80,219,82,80,89,83,83,86,80,133,82,83,80,276,81,82,81,219,81,80,93,80,82,80,80,276,81,82,81,219,81,80,88,81,210,275,217,276,81,82,81,219,81,80,94,80,82,81,80,208,82,82,80,276,81,83,81,219,81,80,88,81,210,179,208,276,81,82,81,219,81,80,80,91,82,80,81,94,82,84,82,219,82,80,83,276,82,81,82,222,82,85,84,235,82,85,85,256,82,85,91,148,82,82,82,219,82,80,81,222,82,85,82,91,83,80,83,148,83,81,82,94,83,86,86,107,83,86,85,128,83,85,91,276,82,82,80,276,81,80,82,222,81,83,87,269,81,213,80,136,80,80,208,136,301,335,207,279,81,81,80,223,84,216,183,181,196,164,185,188,181,84,213,189,177,196,184,84,214,182,188,191,191,194,84,215,183,181,196,146,191,196,84,210,200,83,112,80,80,80,80,80,80,80,84,210,201,84,211,182,183,84,214,195,188,181,181,192,84,214,179,184,191,189,192,84,212,195,177,201,84,219,176,130,147,152,159,157,160,149,148,112,84,214,200,112,125,175,125,84,218,154,191,185,190,167,191,194,188,180,84,217,182,185,190,180,160,177,196,184,209,80,80,80,208,278,81,80,80,80,80,80,80,80,80,80,80,80,80,80,80,80,80,80,80,80,80,81,80,80,81,80,80,80,81,80,80,80,80,80,81,80,80,81,80,80,81,80,80,80,81,80,80,81,80,80,80,80,80,80,80,80,80,80,80,80,80,80,80,80,80,80,80,80,82,82,208,211,219,199,191,194,188,180,175,182,177,194,189,208,278,210,200,208,278,210,201,208,278,209,213,175,149,158,166,208,306,316,81,80,88,243,219,80,80,80,276,80,81,82,222,80,81,81,265,208,80,80,136,85,80,208,219,80,80,82,81,81,81,208,211,209,81,80,80,82,80,80,211,82,82,80,261,81,83,80,276,80,83,81,219,80,80,85,81,209,155,237,276,80,82,81,264,327,335,207,219,80,80,82,81,81,81,208,211,209,81,80,80,82,80,80,211,82,83,80,91,83,80,87,211,83,82,80,261,81,85,80,276,80,83,81,219,80,80,85,81,209,275,217,276,80,82,81,219,80,80,88,83,209,84,80,276,80,82,81,219,80,80,85,81,209,299,213,276,80,82,81,279,80,81,80,218,84,215,183,181,196,146,191,196,84,214,199,191,194,188,180,84,219,195,181,190,180,160,177,179,187,181,196,84,234,177,179,196,185,191,190,204,186,191,185,190,175,194,181,193,197,181,195,196,90,190,177,189,181,204,84,224,90,185,190,198,185,196,181,180,167,191,194,188,180,204,128,84,214,195,188,181,181,192,84,210,204,84,221,180,191,191,194,175,185,180,175,182,177,194,189,84,212,195,177,201,84,222,145,197,196,191,112,152,164,112,163,196,177,194,196,209,80,80,80,208,243,81,80,80,80,80,81,80,80,80,80,80,80,81,80,80,80,83,80,80,80,80,80,80,80,80,81,80,80,81,80,80,81,80,80,81,208,209,219,199,191,194,188,180,175,182,177,194,189,208,243,209,213,175,149,158,166,208,318,325,82,80,89,237,91,81,80,80,148,81,81,82,94,81,82,81,137,209,80,80,136,85,80,208,91,81,80,82,209,81,81,208,83,210,81,80,208,82,80,80,83,83,82,80,133,82,83,80,148,81,83,81,91,81,80,85,209,209,155,237,148,81,82,81,264,327,335,207,91,81,80,82,209,81,81,208,83,210,81,80,208,82,80,80,83,83,83,80,208,83,81,80,83,84,82,80,133,82,85,80,148,81,83,81,91,81,80,85,209,209,275,217,148,81,82,81,151,81,81,80,215,84,215,183,181,196,146,191,196,84,214,199,191,194,188,180,84,219,195,181,190,180,160,177,179,187,181,196,84,234,177,179,196,185,191,190,204,186,191,185,190,175,194,181,193,197,181,195,196,90,190,177,189,181,204,84,224,90,185,190,198,185,196,181,180,167,191,194,188,180,204,128,84,214,195,188,181,181,192,84,210,204,209,80,80,80,208,237,81,80,80,80,80,81,80,80,80,80,80,80,81,80,80,80,82,80,80,80,80,80,80,80,80,81,80,80,81,208,210,219,199,191,194,188,180,175,180,194,191,192,208,237,222,185,180,175,180,194,191,192,175,199,191,194,188,180,208,237,209,213,175,149,158,166,208,327,81,277,81,80,106,82,236,95,208,80,81,219,80,80,82,91,81,80,83,148,81,81,80,276,80,80,85,283,80,82,80,219,83,80,80,229,83,87,208,255,83,208,86,95,80,80,87,284,80,80,82,285,80,83,80,262,80,80,80,219,80,80,85,81,209,135,208,276,80,82,82,95,80,84,81,219,80,80,80,91,81,80,86,148,81,81,82,94,81,82,87,265,80,82,80,264,105,80,208,219,80,80,88,81,209,80,208,211,209,84,80,276,80,83,81,219,80,80,90,81,209,299,213,276,80,82,81,219,80,80,84,91,81,80,85,209,209,135,208,148,81,82,82,265,208,82,80,136,98,80,208,219,80,80,91,83,81,86,80,276,80,82,81,219,80,80,93,91,81,80,94,219,81,80,95,91,82,80,96,219,82,80,97,83,83,89,80,211,211,89,80,91,84,80,86,148,84,81,82,94,84,88,100,211,212,90,80,91,85,80,80,211,85,91,80,91,86,80,86,148,86,81,82,94,86,92,87,211,214,91,80,91,87,80,86,148,87,81,82,94,87,94,104,211,215,92,80,91,88,80,86,148,88,81,82,94,88,96,106,211,216,93,80,91,89,80,85,209,217,135,208,148,89,82,82,133,83,93,80,276,80,86,81,219,80,80,90,81,209,215,227,276,80,82,81,264,80,80,208,219,80,80,108,276,80,81,81,219,80,80,109,268,80,110,80,136,182,80,208,95,208,111,81,219,80,80,82,91,81,80,112,148,81,81,80,276,80,80,85,283,80,178,80,219,83,80,113,91,84,80,114,92,84,88,80,219,84,80,115,222,84,89,116,91,85,80,86,148,85,81,82,94,85,90,117,107,85,90,118,128,85,118,91,276,84,82,82,91,85,80,115,94,85,90,116,219,85,80,86,276,85,81,82,222,85,91,119,235,85,91,118,256,85,118,91,148,85,82,80,276,83,80,81,222,83,86,120,91,84,80,121,265,83,88,80,264,165,80,208,219,83,80,85,91,84,80,121,101,84,88,206,127,84,208,87,276,83,82,82,81,212,174,208,267,83,88,80,264,161,80,208,219,83,80,122,94,84,86,117,222,84,86,119,276,83,83,82,222,83,87,123,274,83,80,80,136,158,80,208,219,83,80,113,91,84,80,114,92,84,88,80,222,84,86,117,94,85,86,119,276,83,84,81,219,83,80,124,94,84,86,117,222,84,86,119,276,83,83,81,219,83,80,90,81,212,129,208,276,83,82,81,219,83,80,122,94,84,86,117,222,84,86,119,276,83,83,82,222,83,87,123,274,83,80,80,136,148,80,208,219,83,80,122,94,84,86,117,222,84,86,119,276,83,83,82,222,83,87,120,269,83,207,80,264,335,335,207,219,83,80,111,230,83,87,125,256,83,125,86,95,80,111,87,219,83,80,113,91,84,80,114,92,84,88,80,222,84,86,117,94,85,86,119,276,83,84,81,219,83,80,126,81,212,335,207,209,212,335,207,276,83,83,81,219,83,80,90,91,84,80,127,276,83,82,81,219,83,80,111,81,212,95,247,138,84,87,80,264,86,80,208,219,83,80,128,81,84,335,207,209,212,335,207,276,83,83,81,219,83,80,90,81,212,179,208,276,83,82,81,95,208,111,81,219,83,80,113,91,84,80,114,92,84,88,80,222,84,86,117,94,85,86,119,276,83,84,81,219,83,80,86,276,83,81,82,222,83,87,106,268,211,129,80,264,308,335,207,219,83,80,93,91,84,80,94,219,84,80,95,91,85,80,96,219,85,80,97,83,86,105,80,211,214,89,80,91,87,80,86,148,87,81,82,94,87,94,100,211,215,90,80,91,88,80,80,211,88,91,80,91,89,80,86,148,89,81,82,94,89,98,87,211,217,91,80,91,90,80,86,148,90,81,82,94,90,100,104,211,218,92,80,91,91,80,86,148,91,81,82,94,91,102,106,211,219,93,80,91,92,80,85,209,220,135,208,148,92,82,82,133,86,93,80,276,83,86,81,219,83,80,90,81,212,215,227,276,83,82,81,219,83,80,86,276,83,81,82,222,83,87,106,268,211,129,80,264,81,80,208,219,83,80,90,81,212,215,227,276,83,82,81,136,331,335,207,219,83,80,93,91,84,80,94,219,84,80,95,91,85,80,96,219,85,80,97,83,214,105,80,211,214,89,80,91,87,80,86,148,87,81,82,94,87,94,100,211,215,90,80,91,88,80,80,211,88,91,80,91,89,80,86,148,89,81,82,94,89,98,87,211,217,91,80,91,90,80,86,148,90,81,82,94,90,100,104,211,218,92,80,91,91,80,86,148,91,81,82,94,91,102,106,211,219,93,80,91,92,80,85,209,220,135,208,148,92,82,82,133,86,93,80,276,83,86,81,219,83,80,90,81,212,215,227,276,83,82,81,219,83,80,132,91,84,80,114,92,84,88,80,276,83,82,81,219,83,80,90,81,212,275,217,276,83,82,81,219,83,80,124,94,84,86,117,222,84,86,119,276,83,83,81,219,83,80,90,81,212,323,209,276,83,82,81,264,263,335,207,284,80,80,82,285,80,179,80,262,80,80,80,278,208,81,80,261,84,218,178,192,175,177,179,196,185,198,181,83,80,80,80,80,80,80,80,80,84,214,192,177,185,194,195,84,221,183,181,196,153,190,198,181,190,196,191,194,201,84,217,183,181,189,195,175,190,191,199,84,217,182,185,190,180,153,196,181,189,84,215,183,181,196,146,191,196,84,214,195,188,191,196,195,84,219,195,181,190,180,160,177,179,187,181,196,84,241,177,179,196,185,191,190,204,178,197,201,90,185,196,181,189,204,197,192,183,194,177,180,181,175,178,177,179,187,192,177,179,187,84,214,195,188,181,181,192,84,212,195,177,201,84,220,146,160,112,165,160,151,162,145,148,149,148,84,215,192,195,184,181,188,188,84,218,199,181,178,184,191,191,187,180,179,84,220,180,179,178,191,196,190,177,189,181,180,179,84,220,196,184,197,189,178,190,177,185,188,180,179,84,219,179,191,188,191,194,149,189,178,181,180,84,249,146,145,147,155,160,145,147,155,112,165,160,151,162,145,148,149,148,112,146,149,147,145,165,163,149,112,150,165,156,156,112,146,145,147,155,160,145,147,155,90,84,241,140,138,178,191,196,138,137,136,130,135,134,137,131,135,133,137,134,128,132,137,136,130,135,134,142,112,146,191,196,112,138,112,84,213,190,177,189,181,100,251,90,140,138,178,177,179,187,192,177,179,187,138,129,128,128,132,131,130,128,135,135,129,137,128,130,128,130,133,135,131,136,142,112,146,160,112,146,159,164,112,138,112,84,210,127,84,246,90,140,138,199,191,194,188,180,138,137,137,134,128,133,132,137,136,130,135,137,133,129,137,136,133,132,132,142,112,167,191,194,188,180,112,138,112,84,214,199,191,194,188,180,100,252,90,140,177,138,191,190,188,185,190,181,183,185,182,138,137,133,136,134,135,128,134,131,134,132,131,132,130,129,137,128,129,136,142,112,163,196,177,196,197,195,112,138,112,84,215,195,196,177,196,197,195,84,244,90,140,138,151,181,189,195,138,137,137,133,134,134,133,133,129,132,128,128,135,131,134,131,134,134,132,142,112,151,181,189,195,112,138,112,84,214,164,194,177,195,184,84,220,196,191,200,185,179,175,199,191,194,188,180,81,84,214,196,185,189,181,194,84,217,183,181,196,164,185,188,181,195,84,214,179,181,187,167,148,84,215,199,191,194,188,180,195,84,213,189,177,196,184,84,214,182,188,191,191,194,84,210,200,83,112,80,80,80,80,80,80,80,84,210,201,84,211,182,183,84,216,195,181,181,180,175,185,180,84,216,183,181,196,164,185,188,181,84,214,194,181,177,180,201,84,217,182,185,190,180,160,177,196,184,83,280,80,80,80,80,80,80,80,84,214,192,197,190,179,184,84,222,180,181,188,177,201,175,184,177,194,198,181,195,196,84,213,189,191,198,181,84,215,191,190,188,185,190,181,84,227,146,159,164,112,148,153,163,147,159,158,158,149,147,164,149,148,112,90,84,226,146,159,164,112,162,149,147,159,158,158,149,147,164,149,148,112,90,84,218,154,191,185,190,167,191,194,188,180,209,80,80,80,208,82,236,81,81,80,80,80,80,81,80,80,80,335,80,82,81,80,80,80,82,80,80,80,80,80,81,80,80,80,81,80,80,81,80,80,80,80,80,81,80,80,81,80,80,80,80,81,80,80,80,80,81,80,80,80,80,80,81,80,80,80,81,80,80,80,81,80,80,80,80,331,86,80,80,80,82,80,83,80,80,81,81,80,80,80,80,81,80,80,80,80,80,80,80,80,80,80,80,80,80,80,80,80,80,80,80,81,80,80,80,80,80,80,80,80,80,80,80,81,80,80,80,80,208,80,81,80,80,80,80,80,81,80,80,80,81,80,80,81,80,80,80,80,80,80,81,80,80,80,80,80,80,83,80,80,80,81,80,80,80,80,80,81,80,80,80,81,80,80,81,80,80,80,81,80,80,80,81,80,80,81,81,80,80,80,80,80,82,80,80,80,80,82,80,80,80,80,81,80,80,80,80,81,80,80,80,80,80,81,80,80,80,81,80,80,80,81,80,80,80,80,331,86,80,80,82,80,80,80,80,81,80,80,80,83,80,80,80,80,81,80,80,80,80,81,208,80,80,80,80,81,80,80,80,81,80,80,80,81,80,80,80,80,331,86,80,80,82,80,80,80,81,80,80,81,80,80,80,81,80,80,81,289,80,131,82,210,329,81,227,81,323,81,261,221,214,185,190,180,181,200,208,82,236,220,120,182,191,194,112,195,196,177,196,181,121,213,221,220,120,182,191,194,112,195,196,177,196,181,121,213,221,220,120,182,191,194,112,195,196,177,196,181,121,213,221,220,120,182,191,194,112,195,196,177,196,181,121,213,221,210,175,214,218,213,185,196,181,189,214,218,220,120,182,191,194,112,195,196,177,196,181,121,291,82,235,220,120,182,191,194,112,195,196,177,196,181,121,291,82,235,220,120,182,191,194,112,195,196,177,196,181,121,291,82,235,220,120,182,191,194,112,195,196,177,196,181,121,291,82,235,210,175,292,82,232,213,196,185,188,181,292,82,232,209,213,175,149,158,166,208,81,279,81,287,81,80,90,234,95,208,80,81,219,80,80,82,91,81,80,83,148,81,81,80,276,80,80,85,283,80,87,80,222,83,86,84,265,83,80,80,136,85,80,208,219,83,80,85,94,84,86,86,222,84,86,87,276,83,83,82,222,83,87,88,274,83,80,80,264,81,80,208,219,83,80,80,229,83,87,208,255,83,208,86,95,80,80,87,284,80,80,82,285,80,88,80,262,80,80,80,219,80,80,80,278,208,82,80,278,208,81,80,217,84,214,179,191,197,190,196,83,80,80,80,80,80,80,80,80,84,214,192,177,185,194,195,84,217,183,181,196,164,185,188,181,195,84,211,182,183,84,216,183,181,196,164,185,188,181,84,210,200,84,210,201,84,214,194,181,177,180,201,209,80,80,80,208,234,81,81,80,80,80,80,81,80,80,80,80,80,80,80,80,80,81,80,80,80,334,80,84,81,80,81,208,215,215,185,196,181,189,185,180,208,234,220,120,182,191,194,112,195,196,177,196,181,121,213,231,220,120,182,191,194,112,195,196,177,196,181,121,213,231,220,120,182,191,194,112,195,196,177,196,181,121,213,231,220,120,182,191,194,112,195,196,177,196,181,121,213,231,210,175,214,228,213,196,185,188,181,214,228,209,213,175,149,158,166,208,81,289,81,299,80,80,93,243,91,80,80,80,219,80,80,81,148,80,82,85,155,208,93,80,91,83,80,82,208,83,85,80,148,83,82,82,144,83,207,80,264,90,80,208,91,83,80,83,209,211,80,208,83,84,82,80,208,84,85,80,133,84,82,80,148,83,83,81,91,83,80,85,209,211,317,210,148,83,82,81,91,83,80,83,209,211,80,208,83,84,83,80,208,84,85,80,83,213,83,80,219,85,80,82,80,86,85,80,276,85,82,82,133,84,84,80,148,83,83,81,91,83,80,85,209,211,299,213,148,83,82,81,156,80,80,82,157,208,94,80,134,80,80,80,150,208,81,80,216,84,215,185,192,177,185,194,195,84,218,196,194,177,195,184,156,185,195,196,84,217,182,185,190,180,153,196,181,189,84,219,195,181,190,180,160,177,179,187,181,196,84,230,177,179,196,185,191,190,204,196,194,177,195,184,90,204,185,196,181,189,153,148,204,84,214,195,188,181,181,192,100,260,177,179,196,185,191,190,204,180,185,177,188,191,183,175,194,181,196,197,194,190,90,180,185,177,188,191,183,175,190,177,189,181,204,196,194,177,195,184,175,185,196,181,189,90,185,196,181,189,153,148,204,84,217,204,90,179,191,197,190,196,204,209,80,80,80,208,243,81,80,80,80,81,80,80,80,80,81,80,80,80,80,80,81,80,80,81,80,80,80,80,81,80,80,335,80,82,80,80,330,80,88,81,208,214,220,120,182,191,194,112,195,196,177,196,181,121,211,242,220,120,182,191,194,112,195,196,177,196,181,121,211,242,220,120,182,191,194,112,195,196,177,196,181,121,211,242,220,120,182,191,194,112,195,196,177,196,181,121,211,242,210,177,212,239,214,196,194,177,195,184,212,239,209,213,175,149,158,166,208,81,301,81,323,80,80,99,289,91,80,80,80,148,80,81,82,94,80,80,81,140,208,82,80,136,117,80,208,91,80,80,83,219,80,80,84,91,81,80,85,219,81,80,86,91,82,80,87,211,82,84,80,83,211,84,80,219,83,80,80,276,83,81,82,222,83,87,90,83,212,85,80,219,84,80,92,83,213,86,80,219,85,80,80,276,85,81,82,222,85,91,94,83,214,87,80,219,86,80,80,276,86,81,82,222,86,93,96,83,215,88,80,219,87,80,80,276,87,81,82,222,87,95,81,83,88,89,80,219,88,80,99,81,217,135,208,276,88,82,82,261,82,93,80,148,80,86,81,91,80,80,100,209,208,215,227,148,80,82,81,91,80,80,80,148,80,81,82,94,80,80,81,140,208,82,80,264,81,80,208,91,80,80,100,209,208,215,227,148,80,82,81,136,331,335,207,91,80,80,83,219,80,80,84,91,81,80,85,219,81,80,86,91,82,80,87,211,210,90,80,83,211,84,80,219,83,80,80,276,83,81,82,222,83,87,90,83,212,85,80,219,84,80,92,83,213,86,80,219,85,80,80,276,85,81,82,222,85,91,94,83,214,87,80,219,86,80,80,276,86,81,82,222,86,93,96,83,215,88,80,219,87,80,80,276,87,81,82,222,87,95,81,83,88,89,80,219,88,80,99,81,217,135,208,276,88,82,82,261,82,93,80,148,80,86,81,91,80,80,100,209,208,215,227,148,80,82,81,151,80,81,80,230,84,215,183,181,196,146,191,196,84,215,195,196,177,196,197,195,84,215,191,190,188,185,190,181,84,215,192,195,184,181,188,188,84,218,199,181,178,184,191,191,187,180,179,84,220,180,179,178,191,196,190,177,189,181,180,179,84,220,196,184,197,189,178,190,177,185,188,180,179,84,219,179,191,188,191,194,149,189,178,181,180,84,227,146,159,164,112,148,153,163,147,159,158,158,149,147,164,149,148,112,90,84,241,140,138,178,191,196,138,137,136,130,135,134,137,131,135,133,137,134,128,132,137,136,130,135,134,142,112,146,191,196,112,138,112,84,213,190,177,189,181,100,251,90,140,138,178,177,179,187,192,177,179,187,138,129,128,128,132,131,130,128,135,135,129,137,128,130,128,130,133,135,131,136,142,112,146,160,112,146,159,164,112,138,112,84,218,178,192,175,177,179,196,185,198,181,84,210,127,84,214,195,188,191,196,195,84,246,90,140,138,199,191,194,188,180,138,137,137,134,128,133,132,137,136,130,135,137,133,129,137,136,133,132,132,142,112,167,191,194,188,180,112,138,112,84,214,199,191,194,188,180,100,252,90,140,177,138,191,190,188,185,190,181,183,185,182,138,137,133,136,134,135,128,134,131,134,132,131,132,130,129,137,128,129,136,142,112,163,196,177,196,197,195,112,138,112,84,244,90,140,138,151,181,189,195,138,137,137,133,134,134,133,133,129,132,128,128,135,131,134,131,134,134,132,142,112,151,181,189,195,112,138,112,84,217,182,185,190,180,153,196,181,189,84,214,195,188,181,181,192,84,226,146,159,164,112,162,149,147,159,158,158,149,147,164,149,148,112,90,209,80,80,80,208,289,81,80,80,80,80,81,80,80,80,80,81,80,80,80,80,81,80,80,80,80,80,81,80,80,80,81,80,80,80,81,80,80,80,80,331,86,80,80,82,80,80,80,80,81,80,80,80,83,80,80,80,80,81,80,80,80,80,81,80,80,80,80,80,81,80,80,80,81,80,80,80,81,80,80,80,80,331,86,80,80,82,208,208,209,213,175,149,158,166,208,81,325,81,333,81,80,89,228,95,208,80,81,219,80,80,82,91,81,80,83,148,81,81,80,276,80,80,85,283,80,84,80,222,83,86,84,265,83,80,80,136,82,80,208,219,83,80,80,94,84,86,85,242,83,87,88,254,83,88,86,95,80,80,87,284,80,80,82,285,80,85,80,262,80,80,80,219,80,80,80,278,208,82,80,278,208,81,80,214,84,210,189,83,80,80,80,80,80,80,80,80,84,214,192,177,185,194,195,84,219,183,181,196,159,178,186,181,179,196,195,84,211,185,180,84,214,179,191,197,190,196,209,80,80,80,208,228,81,81,80,80,80,80,81,80,80,81,80,80,80,80,334,80,84,81,80,81,208,215,211,185,180,208,228,220,120,182,191,194,112,195,196,177,196,181,121,213,225,220,120,182,191,194,112,195,196,177,196,181,121,213,225,220,120,182,191,194,112,195,196,177,196,181,121,213,225,220,120,182,191,194,112,195,196,177,196,181,121,213,225,210,175,214,222,215,191,178,186,181,179,196,214,222,209,213,175,149,158,166,208,81,335,83,215,81,80,110,83,328,95,208,80,81,209,80,80,208,80,81,80,80,209,81,80,208,282,208,328,80,219,82,80,82,91,83,80,83,92,83,86,84,276,82,82,81,219,82,80,84,91,83,80,83,92,83,86,84,219,83,80,85,222,83,87,86,91,84,80,87,148,84,81,82,94,84,88,88,107,84,88,89,128,84,89,91,276,83,82,82,91,84,80,85,94,84,88,86,219,84,80,87,276,84,81,82,222,84,89,90,235,84,89,89,256,84,89,91,148,84,82,80,276,82,80,81,95,208,91,92,95,208,93,92,219,82,80,94,91,83,80,83,276,82,82,85,283,82,82,80,219,85,80,91,229,85,91,208,255,85,208,86,95,80,91,91,284,82,80,82,285,82,83,80,262,82,80,80,219,82,80,95,91,83,80,96,276,82,82,82,272,82,207,80,264,106,80,208,219,82,80,94,91,83,80,97,148,83,81,80,276,82,80,85,283,82,82,80,219,85,80,93,229,85,91,208,255,85,208,86,95,80,93,91,284,82,80,82,285,82,83,80,262,82,80,80,219,82,80,98,91,83,80,99,219,83,80,100,91,84,80,101,219,84,80,102,83,213,91,80,211,85,92,80,91,86,80,87,148,86,81,82,94,86,92,105,211,86,93,80,91,87,80,93,211,215,93,80,91,88,80,87,148,88,81,82,94,88,96,108,211,216,94,80,91,89,80,87,148,89,81,82,94,89,98,110,211,217,95,80,91,90,80,80,211,218,93,80,91,91,80,91,211,91,96,80,91,92,80,87,148,92,81,82,94,92,104,113,211,92,97,80,91,93,80,115,209,221,135,208,148,93,82,82,211,93,98,80,91,94,80,95,219,94,80,96,148,94,82,82,133,85,99,80,276,82,86,81,219,82,80,117,81,211,311,211,276,82,82,81,264,335,335,207,219,82,80,95,91,83,80,96,276,82,82,82,272,82,207,80,264,259,80,208,219,82,80,118,276,82,81,81,219,82,80,119,276,82,81,81,219,82,80,84,91,83,80,83,92,83,86,84,219,83,80,85,222,83,87,86,91,84,80,87,148,84,81,82,94,84,88,88,107,84,88,89,128,84,89,91,276,83,82,82,91,84,80,85,94,84,88,86,219,84,80,87,276,84,81,82,222,84,89,90,235,84,89,89,256,84,89,91,148,84,82,80,276,82,80,81,219,82,80,120,87,83,80,80,209,211,80,208,276,82,83,81,219,82,80,121,80,83,84,80,276,82,82,82,274,82,80,80,264,91,80,208,219,82,80,121,80,83,84,80,276,82,82,81,219,82,80,84,91,83,80,83,92,83,86,84,219,83,80,85,222,83,87,86,91,84,80,87,148,84,81,82,94,84,88,88,107,84,88,89,128,84,89,91,276,83,82,82,91,84,80,85,94,84,88,86,219,84,80,87,276,84,81,82,222,84,89,90,235,84,89,89,256,84,89,91,148,84,82,80,276,82,80,81,136,321,335,207,219,82,80,115,91,83,80,96,101,83,86,206,127,83,208,87,276,82,82,82,81,211,174,208,138,211,85,80,264,82,80,208,219,82,80,115,91,83,80,96,276,82,82,82,81,211,154,208,139,83,85,80,264,297,335,207,219,82,80,118,276,82,81,81,219,82,80,84,91,83,80,83,92,83,86,84,219,83,80,85,222,83,87,86,91,84,80,87,148,84,81,82,94,84,88,88,107,84,88,89,128,84,89,91,276,83,82,82,91,84,80,85,94,84,88,86,219,84,80,87,276,84,81,82,222,84,89,90,235,84,89,89,256,84,89,91,148,84,82,80,276,82,80,81,219,82,80,120,85,83,80,80,209,211,80,208,276,82,83,81,219,82,80,122,268,82,123,80,264,160,80,208,219,82,80,124,91,83,80,88,219,83,80,90,276,82,83,81,219,82,80,117,81,211,179,208,276,82,82,81,219,82,80,85,222,82,85,86,91,83,80,87,148,83,81,82,94,83,86,88,107,83,86,89,128,83,89,91,276,82,82,82,91,83,80,88,265,210,86,80,264,84,80,208,219,82,80,118,276,82,81,81,219,82,80,124,81,83,80,208,209,211,335,207,276,82,83,81,219,82,80,117,81,211,179,208,276,82,82,81,136,325,335,207,219,82,80,84,91,83,80,83,92,83,86,84,219,83,80,85,222,83,87,86,91,84,80,87,148,84,81,82,94,84,88,88,107,84,88,89,128,84,89,91,276,83,82,82,91,84,80,85,94,84,88,86,219,84,80,87,276,84,81,82,222,84,89,90,235,84,89,89,256,84,89,91,148,84,82,80,276,82,80,81,219,82,80,85,222,82,85,86,91,83,80,87,148,83,81,82,94,83,86,88,107,83,86,89,128,83,89,91,276,82,82,82,91,83,80,88,265,210,86,80,264,84,80,208,219,82,80,118,276,82,81,81,219,82,80,124,81,83,80,208,209,211,335,207,276,82,83,81,219,82,80,117,81,211,179,208,276,82,82,81,136,325,335,207,219,82,80,115,91,83,80,96,101,83,86,206,127,83,208,87,276,82,82,82,81,211,174,208,138,83,85,80,264,103,80,208,219,82,80,118,276,82,81,81,219,82,80,115,91,83,80,96,101,83,86,206,127,83,208,87,276,82,82,82,95,80,125,85,219,82,80,126,91,83,80,96,101,83,86,206,127,83,208,87,276,82,82,81,219,82,80,117,81,211,287,215,276,82,82,81,219,82,80,125,91,83,80,115,219,83,80,96,229,83,87,206,255,83,208,87,148,83,82,82,265,82,86,80,264,88,80,208,219,82,80,118,276,82,81,81,219,82,80,127,91,83,80,128,209,211,335,207,276,82,83,81,219,82,80,117,81,211,311,211,276,82,82,81,219,82,80,126,91,83,80,96,101,83,86,206,127,83,208,87,276,82,82,81,219,82,80,117,81,211,287,215,276,82,82,81,264,322,335,207,219,82,80,130,91,83,80,96,101,83,86,206,127,83,208,87,276,82,82,82,95,80,129,85,219,82,80,115,91,83,80,96,276,82,82,82,81,211,154,208,139,83,85,80,264,248,335,207,219,82,80,115,91,83,80,96,276,82,82,82,95,80,125,85,219,82,80,126,91,83,80,96,276,82,82,81,219,82,80,117,81,211,287,215,276,82,82,81,219,82,80,125,91,83,80,115,219,83,80,96,148,83,82,82,265,82,86,80,264,240,335,207,219,82,80,127,91,83,80,128,209,211,335,207,276,82,83,81,219,82,80,117,81,211,311,211,276,82,82,81,219,82,80,126,91,83,80,96,276,82,82,81,219,82,80,117,81,211,287,215,276,82,82,81,264,325,335,207,136,233,335,207,219,82,80,131,91,83,80,132,219,83,80,133,276,82,83,81,219,82,80,115,91,83,80,96,101,83,86,206,127,83,208,87,276,82,82,82,81,211,174,208,138,83,85,80,264,98,80,208,219,82,80,115,91,83,80,96,101,83,86,206,127,83,208,87,276,82,82,82,95,80,125,85,219,82,80,126,91,83,80,96,101,83,86,206,127,83,208,87,276,82,82,81,219,82,80,117,81,211,287,215,276,82,82,81,219,82,80,125,91,83,80,115,219,83,80,96,229,83,87,206,255,83,208,87,148,83,82,82,265,82,86,80,264,87,80,208,219,82,80,127,91,83,80,128,209,211,335,207,276,82,83,81,219,82,80,117,81,211,311,211,276,82,82,81,219,82,80,126,91,83,80,96,101,83,86,206,127,83,208,87,276,82,82,81,219,82,80,117,81,211,287,215,276,82,82,81,264,323,335,207,219,82,80,115,91,83,80,96,276,82,82,82,81,211,154,208,139,83,85,80,264,94,80,208,219,82,80,115,91,83,80,96,276,82,82,82,95,80,125,85,219,82,80,126,91,83,80,96,276,82,82,81,219,82,80,117,81,211,287,215,276,82,82,81,219,82,80,125,91,83,80,115,219,83,80,96,148,83,82,82,265,82,86,80,264,86,80,208,219,82,80,127,91,83,80,128,209,211,335,207,276,82,83,81,219,82,80,117,81,211,311,211,276,82,82,81,219,82,80,126,91,83,80,96,276,82,82,81,219,82,80,117,81,211,287,215,276,82,82,81,264,325,335,207,219,82,80,130,91,83,80,96,101,83,86,206,127,83,208,87,276,82,82,82,95,80,129,85,219,82,80,82,91,83,80,83,92,83,86,84,276,82,82,81,264,184,335,207,136,153,335,207,219,82,80,98,91,83,80,99,219,83,80,100,91,84,80,101,219,84,80,102,83,85,107,80,211,85,92,80,91,86,80,87,148,86,81,82,94,86,92,105,211,86,93,80,91,87,80,93,211,215,93,80,91,88,80,87,148,88,81,82,94,88,96,108,211,216,94,80,91,89,80,87,148,89,81,82,94,89,98,110,211,89,96,80,91,90,80,87,148,90,81,82,94,90,100,113,211,90,97,80,91,91,80,115,209,219,135,208,148,91,82,82,211,219,107,80,91,92,80,129,133,85,95,80,276,82,86,81,219,82,80,80,229,82,85,208,255,82,208,86,95,80,80,85,281,80,329,80,278,208,81,80,264,84,210,186,83,81,80,80,80,80,80,80,80,84,218,154,191,185,190,167,191,194,188,180,84,215,199,191,194,188,180,195,84,214,179,181,187,167,148,84,213,189,177,196,184,84,214,182,188,191,191,194,84,215,183,181,196,146,191,196,84,210,200,83,112,80,80,80,80,80,80,80,84,210,201,84,220,196,191,196,177,188,175,199,191,194,188,180,83,80,80,80,80,80,80,80,80,84,218,178,192,175,177,179,196,185,198,181,84,214,192,177,185,194,195,84,219,182,191,194,181,183,194,191,197,190,180,84,216,195,181,181,180,175,185,180,84,221,183,181,196,153,190,198,181,190,196,191,194,201,84,215,192,195,184,181,188,188,84,218,199,181,178,184,191,191,187,180,179,84,220,180,179,178,191,196,190,177,189,181,180,179,84,220,196,184,197,189,178,190,177,185,188,180,179,84,219,179,191,188,191,194,149,189,178,181,180,84,227,146,159,164,112,163,164,145,162,164,112,152,145,162,166,149,163,164,90,84,241,140,138,178,191,196,138,137,136,130,135,134,137,131,135,133,137,134,128,132,137,136,130,135,134,142,112,146,191,196,112,138,112,84,213,190,177,189,181,100,251,90,140,138,178,177,179,187,192,177,179,187,138,129,128,128,132,131,130,128,135,135,129,137,128,130,128,130,133,135,131,136,142,112,146,160,112,146,159,164,112,138,112,84,210,127,84,214,195,188,191,196,195,84,246,90,140,138,199,191,194,188,180,138,137,137,134,128,133,132,137,136,130,135,137,133,129,137,136,133,132,132,142,112,167,191,194,188,180,112,138,112,84,214,199,191,194,188,180,100,255,90,140,138,199,191,194,188,180,138,137,137,134,128,133,132,137,136,130,135,137,133,129,137,136,133,132,132,142,112,160,194,191,183,194,181,195,195,112,167,191,194,188,180,112,138,112,100,252,90,140,177,138,191,190,188,185,190,181,183,185,182,138,137,133,136,134,135,128,134,131,134,132,131,132,130,129,137,128,129,136,142,112,163,196,177,196,197,195,112,138,112,84,215,195,196,177,196,197,195,84,244,90,140,138,151,181,189,195,138,137,137,133,134,134,133,133,129,132,128,128,135,131,134,131,134,134,132,142,112,151,181,189,195,112,138,112,84,217,182,185,190,180,153,196,181,189,100,251,90,140,138,196,194,181,181,138,129,128,128,130,137,134,129,135,136,130,128,131,129,130,133,135,135,128,128,142,112,162,181,177,180,201,112,164,194,181,181,112,138,112,84,214,195,188,181,181,192,84,214,194,181,179,191,190,84,214,164,194,177,195,184,84,219,179,191,188,188,181,179,196,163,181,196,84,216,184,177,194,198,181,195,196,84,221,189,191,198,181,175,196,191,199,191,194,188,180,81,84,217,182,185,190,180,160,177,196,184,84,214,179,191,197,190,196,84,213,180,194,191,192,84,213,189,191,198,181,84,223,189,191,198,181,175,180,185,194,181,179,196,185,191,190,84,220,196,191,196,177,188,175,178,188,191,179,187,84,218,163,179,177,190,150,188,191,177,196,84,221,154,191,185,190,199,191,194,188,180,175,185,180,84,219,199,191,194,188,180,175,195,177,198,181,84,222,185,180,175,199,191,194,188,180,175,195,177,198,181,84,230,146,159,164,112,151,159,112,164,159,112,158,149,168,164,112,167,159,162,156,148,90,100,261,90,140,138,189,201,195,196,181,194,201,175,178,188,191,179,187,138,129,128,128,130,137,134,128,136,131,136,137,131,131,134,129,136,136,129,136,142,112,164,191,196,177,188,112,146,188,191,179,187,112,138,112,209,80,80,80,208,83,328,81,81,80,80,80,81,80,80,80,81,80,80,80,80,80,80,80,80,80,80,80,80,80,80,80,80,80,80,80,81,81,81,80,80,80,81,80,80,80,335,80,82,82,80,80,80,80,81,80,80,80,80,81,80,80,80,335,80,82,82,80,80,80,80,81,80,80,80,80,81,80,80,80,80,80,81,80,80,80,81,80,80,80,81,80,80,80,81,80,80,80,81,80,80,80,80,329,88,80,80,80,85,80,80,80,80,81,80,81,80,81,80,80,80,80,80,80,80,80,80,80,208,80,80,80,80,80,80,80,80,82,80,80,80,82,80,80,80,80,81,80,80,81,80,80,80,80,80,80,80,80,80,80,80,80,80,80,80,80,80,80,80,80,84,80,80,80,80,80,80,80,80,80,80,80,80,80,81,80,81,80,80,80,80,80,80,80,80,80,80,80,80,80,80,80,80,80,80,80,81,80,80,80,81,80,80,81,80,80,80,81,80,80,82,80,80,80,80,80,80,80,80,80,80,81,80,81,80,80,80,81,80,80,80,82,80,80,80,80,80,80,80,80,208,80,80,80,80,80,80,80,80,80,80,81,80,80,80,80,80,80,80,80,80,80,81,80,81,80,80,80,81,80,80,80,83,80,80,80,80,80,80,80,81,80,81,80,80,80,80,80,81,80,80,80,80,81,80,80,82,80,80,80,80,80,80,80,81,80,81,80,80,80,81,80,80,81,80,80,80,80,81,80,80,80,82,80,80,80,80,80,83,80,80,80,80,80,81,80,80,80,81,80,80,81,80,80,82,80,80,80,80,80,81,80,80,80,81,80,80,81,80,80,81,80,208,80,82,83,80,80,80,83,80,80,80,80,80,80,80,81,80,80,80,80,80,81,80,80,80,80,81,80,80,82,80,80,80,80,80,80,80,81,80,80,80,81,80,80,81,80,80,80,80,81,80,80,80,85,80,80,80,80,80,81,80,80,80,81,80,80,81,80,80,82,80,80,80,80,80,81,80,80,80,81,80,80,81,80,80,81,80,80,80,84,80,80,80,80,80,81,80,80,80,81,81,82,80,80,80,80,81,80,80,80,80,81,80,80,80,80,80,81,80,80,80,81,208,80,80,81,80,80,80,81,80,80,330,87,80,80,80,208,208,214,329,82,239,81,323,82,262,82,317,82,294,83,311,83,210,83,326,82,209,83,327,83,215,225,219,199,191,194,188,180,170,185,196,197,195,208,83,328,220,120,182,191,194,112,195,196,177,196,181,121,212,83,327,220,120,182,191,194,112,195,196,177,196,181,121,212,83,327,220,120,182,191,194,112,195,196,177,196,181,121,212,83,327,210,185,213,83,326,220,120,182,191,194,112,195,196,177,196,181,121,242,250,220,120,182,191,194,112,195,196,177,196,181,121,242,250,220,120,182,191,194,112,195,196,177,196,181,121,242,250,220,120,182,191,194,112,195,196,177,196,181,121,242,250,210,175,243,247,216,199,191,194,188,180,195,195,243,247,220,120,182,191,194,112,195,196,177,196,181,121,259,267,220,120,182,191,194,112,195,196,177,196,181,121,259,267,220,120,182,191,194,112,195,196,177,196,181,121,259,267,220,120,182,191,194,112,195,196,177,196,181,121,259,267,210,175,260,264,213,185,196,181,189,260,264,209,213,175,149,158,166,81,282,83,81,81,81,81,80,80,80,81,80,80,80,82,81,81,143,274,158,323,105,326,99,329,167,258,168,328,100,326,114,314,112,328,208,208,208,81,80,80,80,80,81,80,80,80,335,80,82,81,80,80,81,80,80,81,80,80,81,80,80,82,80,80,80,80,81,80,80,80,80,80,80,80,80,80,81,82,80,80,80,80,81,80,80,81,80,80,80,80,81,80,80,80,80,81,80,80,80,80,80,81,80,80,80,81,80,80,80,81,80,80,80,80,331,86,80,82,322,80,96,82,80,80,81,80,80,82,80,80,80,80,81,80,80,80,80,81,80,80,80,80,80,81,80,80,80,80,81,80,80,80,80,80,80,80,332,85,208,80,80,82,80,80,80,81,80,80,80,80,81,80,80,80,80,81,80,80,80,80,80,81,80,80,80,81,80,80,80,81,80,80,80,81,80,80,330,87,80,80,80,80,82,212,241,83,215,242,81,335,243,83,216,81,237,83,251,220,220,120,182,191,194,112,195,196,177,196,181,121,248,256,220,120,182,191,194,112,195,196,177,196,181,121,248,256,220,120,182,191,194,112,195,196,177,196,181,121,248,256,220,120,182,191,194,112,195,196,177,196,181,121,248,256,210,175,249,253,213,185,196,181,189,249,253,220,120,182,191,194,112,195,196,177,196,181,121,272,328,220,120,182,191,194,112,195,196,177,196,181,121,272,328,220,120,182,191,194,112,195,196,177,196,181,121,272,328,220,120,182,191,194,112,195,196,177,196,181,121,272,328,210,175,273,325,215,192,188,177,201,181,194,273,325,209,213,175,149,158,166};local nau = 'load'; function ztcjmqiskzompcbfazcnjibgmebyrqeqwznxtmbyiztbfhuldzjxrxjqxhnzmlkjgzkpspcimfuuxpcynljyymdrtmksnocualkgtbqnmqiyvetzwcycmjvbxqygppcv(...) local vjwdhuyfqxcshdfvvyyjxhfgxwfboskwrwlpyocvnblnhcluaatzwqhvruqftadplmwdmefchyrfhsrnbrsaubjypwgtriakhyxfrcwwfacoxxzywyiknsrbfpafbizy='';for iyjuakrtabxbtbboqlcihhbyyasphlkiqbcmhczqazcmphmamhwvxcwpchwbqauyobwtxaiavntlmozkwswuxbcastdnvsfifdnnkbqfbsotnifdonattvsbtukygwpy=1, #jcgjxgfaiombmbigzentqspqzlgmnfedalahdkzhgtnendqyswsirukasgfssvsftiymdkessoruuivgywbydkcpfpzqflmthjjotzsvdazqigptrdbmzvtifcwsijlj do if iyjuakrtabxbtbboqlcihhbyyasphlkiqbcmhczqazcmphmamhwvxcwpchwbqauyobwtxaiavntlmozkwswuxbcastdnvsfifdnnkbqfbsotnifdonattvsbtukygwpy>3 then vjwdhuyfqxcshdfvvyyjxhfgxwfboskwrwlpyocvnblnhcluaatzwqhvruqftadplmwdmefchyrfhsrnbrsaubjypwgtriakhyxfrcwwfacoxxzywyiknsrbfpafbizy=vjwdhuyfqxcshdfvvyyjxhfgxwfboskwrwlpyocvnblnhcluaatzwqhvruqftadplmwdmefchyrfhsrnbrsaubjypwgtriakhyxfrcwwfacoxxzywyiknsrbfpafbizy.._ENV['\115\116\114\105\110\103']['\99\104\97\114']((jcgjxgfaiombmbigzentqspqzlgmnfedalahdkzhgtnendqyswsirukasgfssvsftiymdkessoruuivgywbydkcpfpzqflmthjjotzsvdazqigptrdbmzvtifcwsijlj[iyjuakrtabxbtbboqlcihhbyyasphlkiqbcmhczqazcmphmamhwvxcwpchwbqauyobwtxaiavntlmozkwswuxbcastdnvsfifdnnkbqfbsotnifdonattvsbtukygwpy]-jcgjxgfaiombmbigzentqspqzlgmnfedalahdkzhgtnendqyswsirukasgfssvsftiymdkessoruuivgywbydkcpfpzqflmthjjotzsvdazqigptrdbmzvtifcwsijlj[2]));end end;local tolan = 'loadstring';_ENV[_ENV['\115\116\114\105\110\103']['\99\104\97\114'](egmnldjfdtlwtmbtrevdtwjbjqbnixzweqphqpmlrrwduuewcktgyfsggqreqkvhmsokprsfrovlievsvrbywlhhepntyijzurpiqcwxmzxgolyborjhipxfffqhmxtt:lower():sub(18,18):byte(),gnsmhyazbzoojqnvuepyxrborfcqvapzihrvcymiwyeypltanifxnjcobvyofwwkrtgcqmypbzvfutdfzqsngmhqxhwhjzvfwdpizwvuyuczqizoellenzkqmlcwtdvu:lower():sub(1,1):byte(),pdcnxczcbycxotbjajpaksurxdmfayevfvnloumfbkizfydxmtxgewohgjvhpsexmbxfjllteshgpienglhabfychjwftocqzqlzwnfosqmlhunenupxxqbgqigliztb:lower():sub(-9,-9):byte(),bwijqluqcqymyiswtlxgqacunshcbeibdjnsljnwaieyiexejdcgzzznprtgbeiahiwirzvkvqvbnmoxjsdpnurgahnscpbtyuvfqmapgwtxerivmtiudxbisdnanzzb:lower():sub(21,21):byte())](vjwdhuyfqxcshdfvvyyjxhfgxwfboskwrwlpyocvnblnhcluaatzwqhvruqftadplmwdmefchyrfhsrnbrsaubjypwgtriakhyxfrcwwfacoxxzywyiknsrbfpafbizy)(); end;ztcjmqiskzompcbfazcnjibgmebyrqeqwznxtmbyiztbfhuldzjxrxjqxhnzmlkjgzkpspcimfuuxpcynljyymdrtmksnocualkgtbqnmqiyvetzwcycmjvbxqygppcv(jcgjxgfaiombmbigzentqspqzlgmnfedalahdkzhgtnendqyswsirukasgfssvsftiymdkessoruuivgywbydkcpfpzqflmthjjotzsvdazqigptrdbmzvtifcwsijlj);